6
7
8
9
34
39
54
65
73
82
85
86
96
106
111
115
129
133
139
143
169
180
183
185
189
193
200
207
210
212
219
221
241
246
248
250
264
268
286
293
295
300
304
306
308
317
322
323
326
335
354
361
364
366
375
376
377
378
380
381
382
383
384
385
388
389
394
395
422
424
425
431
432
433
438
442
443
447
451
454
462
467
470
471
510
512
514
517
518
521
523
524
526
529
532
557
561
573
576
578
583
589
590
592
593
594
595
628
629
631
633
638
646
650
652
653
675
677
681
682
685
688
691
693
696
704
706
708
709
711
713
717
740
742
745
754
758
759
763
765
769
770
773
774
781
791
792
793
799
801
810
817
820
823
836
839
846
847
854
864
865
867
870
874
885
888
892
896
899
901
902
904
907
908
912
915
916
917
919
927
920
921
936
937
939
942
944
945
947
948
949
961
963
964
969
970
972
973
978
984
992
993
996
997
998
1003
1004
1006
